161
161
161
161
161
161
161
161
161
161
161
161
161
161
161
161
161
161
161
161
161
161
161
161
161
161
161
161
161
161
161
161
161
161
161
161
161
161
161
161
161
161
161
161
161
161
161
161
161
161
161
161
161
161
161
161
161
161
161
161
161
161
161
161
161
161
161
161
161
161
161
161
161
161
161
161
161
161
161
161
161
161
161
161
161
161
161
161
161
161
161
161
161
161
161
161
161
161
161
161
161
161
161
161
161
161
161
161
161
161
161
162
162
163
163
163
163
163
164
164
165
165
165
165
165
165
166
166
166
166
167
167
167
167
167
167
168
169
169
169
171
174
175
176
178
178
178
179
180
181
181
181
182
182
182
183
184
184
184
184
184
185
186
187
187
188
191
193
195
198
198
201
203
204
204
204
204
205
205
205
205
205
205
205
205
206
206
206
210
303
373
390
393
402
413
423
435
448
458
474
495
520
535
555
576
603
626
650
669
689
708
717
733
750
1011
1139
1208
1274
1321
