383978.0
617194.0
861788.0
1109026.0
1353546.0
1589298.0
1842134.0
2098592.0
2345938.0
2594154.0
2843402.0
3050840.0
3318042.0
3557362.0
3793950.0
4044810.0
4280636.0
4530572.0
4771470.0
5015410.0
5271180.0
5502076.0
5757576.0
5974308.0
6236708.0
6484216.0
6720278.0
6953312.0
7201946.0
7419892.0
7656352.0
7892792.0
8141190.0
8375310.0
8623890.0
8836056.0
9100250.0
9346726.0
9580414.0
9825332.0
10078330.0
10312234.0
10541376.0
10753306.0
11010762.0
11224830.0
11473174.0
11676970.0
11946998.0
12187822.0
12418920.0
12647408.0
12880698.0
13111904.0
13354522.0
13573210.0
13809326.0
14050730.0
14290758.0
14505426.0
14748098.0
14994864.0
15232700.0
15462800.0
15707158.0
15941480.0
16176544.0
16414036.0
16638956.0
16870290.0
17093760.0
17305764.0
17559976.0
17804206.0
18033166.0
18268412.0
18496212.0
18708088.0
18966866.0
19191530.0
19438444.0
19656026.0
19901490.0
20110830.0
20368974.0
20648398.0
20917610.0
21167546.0
21410798.0
21641006.0
21889404.0
22129992.0
22370546.0
22586118.0
22827306.0
23033712.0
23278994.0
23505816.0
23750970.0
23975762.0
24214070.0
24420530.0
24667660.0
24892000.0
25127590.0
25349158.0
25586252.0
25808508.0
26041110.0
26254382.0
26524788.0
26754622.0
26988282.0
27235254.0
27465890.0
27716254.0
27949246.0
28176012.0
28426866.0
28705774.0
29007376.0
30439208.0
31267816.0
32055832.0
33031188.0
33521890.0
33945088.0
34312182.0
34608414.0
34929658.0
35199340.0
35427948.0
35673146.0
36002342.0
36508796.0
36981330.0
38065552.0
38997428.0
39572298.0
40153592.0
40562562.0
41208320.0
41664702.0
42444172.0
43122198.0
45679456.0
46238756.0
46910984.0
47606290.0
48498358.0
49318082.0
50098996.0
50896060.0
51693304.0
52215020.0
52821432.0
53967572.0
54852892.0
55420326.0
56261094.0
57298082.0
57899066.0
58792712.0
60161686.0
61425748.0
62777122.0
63987462.0
65833531.0
67165408.0
67978533.0
68557978.0
69627284.0
71395178.0
72542141.0
73033100.0
73694252.0
74253138.0
74751559.0
75311818.0
76297561.0
77114186.0
77578141.0
78106510.0
78834688.0
79336168.0
79908416.0
80325306.0
80759610.0
81215596.0
87064747.0
94831979.0
101847844.0
105816083.0
109002138.0
113949726.0
119901016.0
125176092.0
130739735.0
135974134.0
158330408.0
183957030.0
197450949.0
213075887.0
222359814.0
230490341.0
240869256.0
248843228.0
268364438.0
287028452.0
295299488.0
303355997.0
311687494.0
325545250.0
334715567.0
412316509.0
470977791.0
523940181.0
570619649.0
638139600.0
709486386.0
768688777.0
823193610.0
875812720.0
934864638.0
987535097.0
1036928053.0
1082164624.0
1126624567.0
1173911907.0
1216106126.0
1253906397.0
1289868470.0
1330958283.0
1369374535.0
1408999614.0
1452324451.0
1491795125.0
1529489413.0
1564991033.0
1606276746.0
1641094273.0
1677111278.0
1714651426.0
1757493524.0
1795714083.0
1831666839.0
1870580528.0
1903618071.0
1936127396.0
1984779471.0
2023231616.0
2072622858.0
2121600085.0
2174247664.0
2217822733.0
2254368912.0
2281377407.0
2312703444.0
2354686618.0
2392561270.0
2433750414.0
2471606642.0
2512457235.0
2549121410.0
2594722933.0
2633043234.0
2670696617.0
2711085568.0
2747564029.0
2795426410.0
2850035736.0
2892714401.0
2930485052.0
2966727818.0
3019773394.0
3074844670.0
3122906361.0
3159296524.0
3190085122.0
3220362303.0
3241534428.0
3270195148.0
3296354705.0
3323995014.0
3347417180.0
3376103802.0
3408938873.0
3432643730.0
3453390692.0
3471734720.0
3487335437.0
3507563252.0
3527416402.0
3543652452.0
3557249441.0
3566878113.0
3573522414.0
3582264445.0
3588320935.0
3598588366.0
3602367190.0
3604973325.0
3613047946.0
3614381534.0
3615638174.0
3616723802.0
3617240996.0
3618250222.0
3618745298.0
3618922746.0
3619283582.0
3619524858.0
3619686138.0
3620437360.0
3620981712.0
3621467092.0
3621749358.0
3621962634.0
3622190076.0
3622709196.0
3623282116.0
3623672412.0
3624036358.0
3624427834.0
3625033676.0
3625468900.0
3625612124.0
3625705314.0
3625816222.0
3625924776.0
3626050394.0
3626164192.0
3626321644.0
3626565090.0
3626666908.0
3626750006.0
3626947686.0
3627131244.0
3627316830.0
3627860388.0
3628379282.0
3628463874.0
3628538922.0
3628606504.0
3628688214.0
3628755454.0
3628814942.0
3628877594.0
3628941436.0
3628998686.0
3629075438.0
3629133076.0
3629221366.0
3629311582.0
3629392552.0
3629499464.0
3629615962.0
3629701272.0
3629805232.0
3629874898.0
3629956898.0
3630010044.0
3630081556.0
3630141284.0
3630203176.0
3630262918.0
3630322540.0
3630392920.0
3630456306.0
3630516150.0
3630578912.0
3630643152.0
3630710684.0
3630803430.0
3630912002.0
3630987492.0
3631105596.0
3631233446.0
3631387880.0
3631530338.0
3631652954.0
3631778858.0
3631877790.0
3631990956.0
3632124922.0
3632244678.0
3632360526.0
3632487138.0
3632637552.0
3632790924.0
3632861718.0
3632926904.0
3633052801.0
3633190852.0
3633307313.0
3633398753.0
3633611742.0
3633990546.0
3634615109.0
3635117160.0
3635678350.0
3636259559.0
3637158292.0
3638349269.0
3640909227.0
3644930955.0
3648283774.0
3652028754.0
3655161111.0
3658580381.0
3663593643.0
3669767744.0
3677199045.0
3688364857.0
3699017131.0
3709868100.0
3723696156.0
3734931474.0
3745334113.0
3757314471.0
3768785135.0
3779204695.0
3790824561.0
3804738820.0
3820552675.0
3841155696.0
3862284883.0
3879462828.0
3900583126.0
3926116899.0
3953479791.0
3984306294.0
4017269722.0
4056501492.0
4103028723.0
4154482787.0
4212834640.0
4277818583.0
4343947356.0
4410798865.0
4474800673.0
4540120014.0
4600061943.0
4656672624.0
4705861499.0
4766373726.0
4835643613.0
4895334426.0
4950722176.0
5001403431.0
5056580841.0
5516455713.0
6242461685.0
7087573646.0
7939046072.0
8304118709.0
8710653934.0
8775508472.0
8854357605.0
8911449998.0
8969643443.0
9024755392.0
9085023640.0
9142120605.0
9204106488.0
9261209842.0
9318357520.0
9512601107.0
9576175690.0
9639812251.0
9694853359.0
9737776730.0
9784766730.0
9828657081.0
9878542463.0
9925407846.0
9969350695.0
10011890299.0
10059333294.0
10097948856.0
10126832740.0
10164142585.0
10191733325.0
