704522.0
1162378.0
1630748.0
2110402.0
2589930.0
3053778.0
3541622.0
4044320.0
4529266.0
5012490.0
5501930.0
5908952.0
6420666.0
6896722.0
7342398.0
7836906.0
8289596.0
8783180.0
9247854.0
9728530.0
10227084.0
10689532.0
11174856.0
11593764.0
12106724.0
12599608.0
13049078.0
13512800.0
13986938.0
14406196.0
14860384.0
15328376.0
15805734.0
16278318.0
16749810.0
17166744.0
17678906.0
18165574.0
18616990.0
19101236.0
19597018.0
20059018.0
20494656.0
20914810.0
21407274.0
21828702.0
22303414.0
22709386.0
23226518.0
23702350.0
24145128.0
24593072.0
25039770.0
25487840.0
25962874.0
26388922.0
26841038.0
27315722.0
27782118.0
28188594.0
28666274.0
29152368.0
29614844.0
30067856.0
30539446.0
30992360.0
31452064.0
31912468.0
32348204.0
32787762.0
33226368.0
33635364.0
34131496.0
34611598.0
35053102.0
35506940.0
35950740.0
36368248.0
36866354.0
37319114.0
37782892.0
38213882.0
38680530.0
39092046.0
39588654.0
40167022.0
40688522.0
41182106.0
41658638.0
42116942.0
42594300.0
43073352.0
43535954.0
43957158.0
44421258.0
44822064.0
45294578.0
45734808.0
46215834.0
46660082.0
47116118.0
47519570.0
47993932.0
48430816.0
48886726.0
49320838.0
49776524.0
50214780.0
50657334.0
51069326.0
51604980.0
52050782.0
52495834.0
52948118.0
53395394.0
53877950.0
54329118.0
54754508.0
55226314.0
55734470.0
56230036.0
57242568.0
58001284.0
58723460.0
59541880.0
60127334.0
60681328.0
61181702.0
61686198.0
62210234.0
62694474.0
63110716.0
63568582.0
63936558.0
64605212.0
65173510.0
66046318.0
66796882.0
67387606.0
68097094.0
68635856.0
69468132.0
70116544.0
71576960.0
72830192.0
77075792.0
78211202.0
79529994.0
80826550.0
82230368.0
83557200.0
84950874.0
86022910.0
87242148.0
88311770.0
89281304.0
90225734.0
91066146.0
91973554.0
93087092.0
94167576.0
95161436.0
96242120.0
97589676.0
98813232.0
99963446.0
100964160.0
101720931.0
102516168.0
103154007.0
103781272.0
104512067.0
105901186.0
106820037.0
107308058.0
107925050.0
108573584.0
109173645.0
109773364.0
110380001.0
110956102.0
111439021.0
112033042.0
112732180.0
113430704.0
114038384.0
114652128.0
115368224.0
116030200.0
118808771.0
122162961.0
125801427.0
128034984.0
130142172.0
133663236.0
139264814.0
143302208.0
149100259.0
154285484.0
162670983.0
170890103.0
177890048.0
186942486.0
194071763.0
199059771.0
205663053.0
209839409.0
215606174.0
221075407.0
225065095.0
229611401.0
234847847.0
240343670.0
244756676.0
272181833.0
301556180.0
346630474.0
382238941.0
462002555.0
537529044.0
590896284.0
629551634.0
671863944.0
712890833.0
746558264.0
788951704.0
812980203.0
832874377.0
852517947.0
870780253.0
888846261.0
907603474.0
927846657.0
946156632.0
964453461.0
984680094.0
1002312741.0
1019315201.0
1036772958.0
1054448466.0
1069811613.0
1085522906.0
1101491873.0
1119071446.0
1137347442.0
1153932659.0
1168923790.0
1181566750.0
1194229963.0
1210161428.0
1222872668.0
1238289106.0
1255681276.0
1274345729.0
1290773462.0
1306127032.0
1323940311.0
1335960438.0
1350543027.0
1362877301.0
1380062583.0
1393272985.0
1409841643.0
1423003250.0
1441319805.0
1458711107.0
1473484859.0
1491228399.0
1506606699.0
1522809726.0
1539250043.0
1554231906.0
1567998076.0
1581532493.0
1596651410.0
1609805978.0
1622031580.0
1634594650.0
1642399277.0
1650782131.0
1657844986.0
1667637699.0
1676953347.0
1686001983.0
1692804857.0
1699675917.0
1706308555.0
1712768675.0
1718192091.0
1723925345.0
1729152514.0
1737073756.0
1741589645.0
1745027587.0
1750450904.0
1753595111.0
1755710619.0
1757197384.0
1758219779.0
1759275205.0
1759806791.0
1760186761.0
1760995265.0
1762211959.0
1763134697.0
1764722003.0
1765532031.0
1765888445.0
1766166065.0
1766388267.0
1767014619.0
1767338485.0
1767551941.0
1769027471.0
1770049805.0
1770983363.0
1771491759.0
1771869489.0
1772243117.0
1773243633.0
1774240789.0
1774915259.0
1775525025.0
1776202821.0
1777350071.0
1778098205.0
1778220465.0
1778304527.0
1778404523.0
1778499679.0
1778608557.0
1778706251.0
1778821095.0
1778970291.0
1779050323.0
1779117421.0
1779282847.0
1779436561.0
1779595355.0
1780531415.0
1781486857.0
1781559161.0
1781630079.0
1781689657.0
1781762503.0
1781825539.0
1781881859.0
1781939177.0
1782000713.0
1782055997.0
1782123323.0
1782177631.0
1782258823.0
1782325931.0
1782396481.0
1782474035.0
1782561767.0
1782632287.0
1782709537.0
1782764431.0
1782837599.0
1782888607.0
1782953389.0
1783010549.0
1783067555.0
1783124881.0
1783181711.0
1783241353.0
1783301287.0
1783358377.0
1783417231.0
1783476969.0
1783539913.0
1783613661.0
1783697819.0
1783760493.0
1783848461.0
1783929743.0
1784034731.0
1784127085.0
1784213675.0
1784297811.0
1784374013.0
1784449249.0
1784542545.0
1784621285.0
1784705377.0
1784785331.0
1784885465.0
1784989799.0
1785054471.0
1785115813.0
1785227157.0
1785365711.0
1785487115.0
1785579221.0
1785695317.0
1785805513.0
1785984319.0
1786121781.0
1786283163.0
1786477761.0
1786722939.0
1787068394.0
1787607824.0
1788459648.0
1789397121.0
1790422166.0
1791482014.0
1792644770.0
1795053843.0
1797591311.0
1800771408.0
1805757797.0
1809977214.0
1814119971.0
1817988175.0
1822265337.0
1826141963.0
1830124178.0
1834805363.0
1839247154.0
1844716224.0
1851325476.0
1857059814.0
1863724322.0
1871987635.0
1879298867.0
1888294504.0
1899995680.0
1914027399.0
1928253726.0
1945080991.0
1960117656.0
1975364245.0
1992326872.0
2013855294.0
2037266478.0
2055986467.0
2082277979.0
2106279746.0
2130928114.0
2153520183.0
2178915004.0
2199524747.0
2247209190.0
2290619319.0
2319528323.0
2342262674.0
2375866512.0
2403689965.0
2442633094.0
2490211104.0
2547313913.0
2595672983.0
2628728716.0
2664388437.0
2697665415.0
2730387366.0
2755392867.0
2781570013.0
2803346164.0
2836564347.0
2859071058.0
2880813333.0
2904601572.0
2926952141.0
2953114975.0
2973027782.0
2993031657.0
3010377594.0
3025523554.0
3040745779.0
3057723201.0
3076135096.0
3092842023.0
3109907944.0
3127654867.0
3148994341.0
3190026529.0
3204450666.0
3218914623.0
3228732339.0
