0
0
0
0
0
0
0
0
0
0
0
0
0
0
0
1
1
1
1
1
1
1
2
2
2
2
2
2
2
2
2
4
5
5
5
5
5
5
5
5
5
5
5
5
5
5
5
5
5
5
5
5
5
5
5
5
5
5
5
5
5
5
5
5
5
5
5
5
5
5
5
5
5
5
5
5
5
5
4
5
5
5
5
5
5
6
6
6
6
6
6
6
7
7
7
7
7
7
7
7
7
7
7
7
7
7
7
7
6
7
7
7
7
7
6
7
7
7
7
7
7
7
7
7
7
7
7
7
7
7
7
7
6
6
6
7
7
7
7
7
7
7
8
8
8
8
8
8
8
8
8
8
8
8
8
8
7
7
7
8
8
8
8
8
8
8
8
8
8
8
8
7
7
8
8
10
12
12
11
11
11
11
11
11
11
15
16
16
16
16
16
16
16
16
16
16
16
17
17
17
17
17
17
17
17
17
17
17
18
18
18
18
18
18
16
16
16
16
16
16
16
16
16
16
16
16
16
16
16
16
16
16
16
16
16
16
16
16
16
16
16
16
16
16
16
16
16
16
16
16
16
16
16
16
16
16
16
16
16
16
16
16
16
16
16
16
16
16
16
16
16
16
16
16
16
16
16
16
16
16
16
16
16
16
16
16
16
16
16
16
16
16
16
16
16
16
16
16
16
17
19
20
21
21
21
21
21
21
21
21
21
27
30
34
43
45
46
46
42
45
45
45
42
43
46
46
45
45
44
46
44
45
46
49
48
48
48
48
48
48
49
49
47
48
49
49
48
48
47
49
49
49
51
51
54
55
56
56
56
56
56
56
56
56
56
56
54
54
53
55
55
56
56
56
50
50
53
54
52
54
52
54
56
56
56
56
56
56
54
54
53
55
56
55
55
55
55
55
55
55
56
56
56
57
59
60
60
63
61
61
58
58
58
58
58
60
61
61
61
61
61
61
62
62
62
62
62
62
62
62
62
62
62
62
62
62
62
62
62
62
62
62
62
62
62
62
62
62
62
62
62
62
62
62
62
62
62
62
62
62
62
62
62
62
62
62
62
62
62
62
62
62
62
62
62
62
62
62
62
62
62
62
62
